31082013131409  
0002010002010101
0002010002010101
0002010002010101
0002010002010101
0002020002020102
0002020002020102
0002020002020102
0002020002020102
0002200002200101
0002200002200101
0002200002200101
0002200002200101
2263372263370202
2263372263370202
2263372263370202
2263372263370202
2264552264550201
2264552264550201
2264552264550201
2264552264550201
3766503766500202
3766503766500202
3766503766500202
3766503766500202
4324484324480101
4324484324480101
4324484324480101
4324484324480101
4390994390990101
4390994390990101
4390994390990101
4390994390990101
4440884440880102
4440884440880102
4440884440880102
4440884440880102
4463774463770201
4463774463770201
4463774463770201
4463774463770201
4473774473770101
4473774473770101
4473774473770101
4473774473770101
4497414497410202
4497414497410202
4497414497410202
4497414497410202
4506614506610102
4506614506610102
4506614506610102
4506614506610102
4567894567890202
4567894567890202
4567894567890202
4567894567890202
4568994568990201
4568994568990201
4568994568990201
4568994568990201
4732934732930101
4732934732930101
4732934732930101
4732934732930101
4732944732940102
4732944732940102
4732944732940102
4732944732940102
4899584899580202
4899584899580202
4899584899580202
4899584899580202
4931274931270201
4931274931270201
4931274931270201
4931274931270201
4500004999990101
4500004999990101
4500004999990101
4500004999990101
4000004999990102
4000004999990102
4000004999990102
4000004999990102
5468435468430202
5468435468430202
5468435468430202
5468435468430202
5536605536600202
5536605536600202
5536605536600202
5536605536600202
5468445499990201
5468445499990201
5468445499990201
5468445499990201
5400005468420102
5400005468420102
5400005468420102
5400005468420102
5300005399990101
5300005399990101
5300005399990101
5300005399990101
5500005599990101
5500005599990101
5500005599990101
5500005599990101
5800005899990102
5800005899990102
5800005899990102
5800005899990102
5180315299990201
5180315299990201
5180315299990201
5180315299990201
5000005180290102
5000005180290102
5000005180290102
5000005180290102
5000005999990201
5000005999990201
5000005999990201
5000005999990201
6009916009910102
6009916009910102
6009916009910102
6009916009910102
6009956009950202
6009956009950202
6009956009950202
6009956009950202
6019416019410102
6019416019410102
6019416019410102
6019416019410102
6271236271230101
6271236271230101
6271236271230101
6271236271230101
6010736010940201
6010736010940201
6010736010940201
6010736010940201
7000007299990202
7000007299990202
7000007299990202
7000007299990202
8006018006010201
8006018006010201
8006018006010201
8006018006010201
8006708006700101
8006708006700101
8006708006700101
8006708006700101
8266678266670102
8266678266670102
8266678266670102
8266678266670102
8351108351100202
8351108351100202
8351108351100202
8351108351100202
8437848437840201
8437848437840201
8437848437840201
8437848437840201
8622228622220101
8622228622220101
8622228622220101
8622228622220101
8654648654640102
8654648654640102
8654648654640102
8654648654640102
8767018767010202
8767018767010202
8767018767010202
8767018767010202
8774628774620201
8774628774620201
8774628774620201
8774628774620201
8777018777010101
8777018777010101
8777018777010101
8777018777010101
8827848827840102
8827848827840102
8827848827840102
8827848827840102
8999998999990202
8999998999990202
8999998999990202
8999998999990202
9218399218390201
9218399218390201
9218399218390201
9218399218390201
